8.953632409999999486e-02 1.390951510000000058e+00 1.778906879999999913e-01
1.234169380000000038e-01 1.380242589999999936e+00 1.809873579999999871e-01
1.593040000000000012e-01 1.386617779999999911e+00 1.989392190000000005e-01
1.794353720000000096e-01 1.371418709999999930e+00 2.166804669999999877e-01
1.902841180000000021e-01 1.342874410000000074e+00 2.342506000000000033e-01
1.559721079999999982e-01 1.369102720000000106e+00 2.305097999999999869e-01
1.583839210000000108e-01 1.356198669999999940e+00 2.756121460000000023e-01
1.599439830000000118e-01 1.335980530000000055e+00 2.962028380000000238e-01
1.642833200000000105e-01 1.311339000000000032e+00 3.094726199999999761e-01
1.353028119999999945e-01 1.374259829999999960e+00 2.458733620000000120e-01
1.353452800000000122e-01 1.362562180000000067e+00 2.926567489999999938e-01
1.341638270000000133e-01 1.335156440000000000e+00 3.087572000000000094e-01
1.298616380000000015e-01 1.304698230000000070e+00 3.091425300000000265e-01
1.112259099999999973e-01 1.377785679999999902e+00 2.552103000000000010e-01
1.199993490000000051e-01 1.375585440000000048e+00 2.993357779999999968e-01
1.205848379999999997e-01 1.352314110000000014e+00 3.167131249999999842e-01
1.191288900000000012e-01 1.324106929999999904e+00 3.181780000000000164e-01
8.730516580000000082e-02 1.381315709999999974e+00 2.563944160000000139e-01
1.077104660000000047e-01 1.377928260000000016e+00 2.864037999999999862e-01
1.159427999999999986e-01 1.360399600000000042e+00 2.986441000000000234e-01
1.273307999999999940e-01 1.341787220000000058e+00 3.069183830000000168e-01
