1.005598230000000065e-01 -7.138486000000000553e-01 6.348032000000000119e-01 2.780882000000000076e-01
2.868437169999999981e-01 -4.880150560000000026e-01 7.043979999999999686e-01 4.282350839999999881e-01
1.171726579999999990e-01 -7.063681480000000290e-01 4.897383149999999796e-01 4.974645380000000117e-01
-4.296270659999999568e-03 -8.024511340000000104e-01 3.080122770000000010e-01 5.110599000000000114e-01
-4.294415000000000211e-03 -8.024500610000000478e-01 3.080146000000000273e-01 5.110601999999999645e-01
1.171613779999999966e-01 -7.902657389999999671e-01 5.906939509999999949e-01 -1.132852659999999956e-01
8.915014999999999745e-02 -9.105824000000000140e-01 3.771641849999999851e-01 -1.436637339999999874e-01
1.105823590000000051e-01 -9.584734440000000077e-01 2.296559210000000129e-01 -1.279005860000000105e-01
1.105829400000000046e-01 -9.584731459999999981e-01 2.296559999999999990e-01 -1.279021499999999922e-01
-5.453335000000000127e-02 -7.850542659999999451e-01 6.129740000000000189e-01 7.055973000000000106e-02
-4.613805189999999751e-02 -9.596653000000000544e-01 2.589594720000000239e-01 9.926704000000000083e-02
-7.037585999999999842e-02 -9.939906600000000259e-01 3.615002499999999818e-04 8.384453000000000045e-02
-7.037583999999999507e-02 -9.939906600000000259e-01 3.617372420000000048e-04 8.384453999999999518e-02
4.940056799999999887e-02 -7.185603000000000407e-01 6.878474999999999451e-01 8.997953000000000201e-02
-9.703267999999999269e-03 -9.470001999999999587e-01 3.152143000000000028e-01 6.112435000000000090e-02
-2.715771269999999946e-02 -9.977837999999999985e-01 2.443258460000000132e-02 5.561292000000000318e-02
-2.715769599999999853e-02 -9.977837999999999985e-01 2.443289759999999963e-02 5.561292999999999792e-02
5.003438000000000052e-01 -7.179887000000000352e-01 4.507631659999999929e-01 -1.759564730000000021e-01
2.677960400000000130e-01 -8.961154999999999538e-01 2.138269690000000056e-01 -2.820292710000000258e-01
2.976210420000000023e-01 -9.143911599999999806e-01 1.123993169999999986e-01 -2.503536000000000095e-01
2.976211999999999747e-01 -9.143911599999999806e-01 1.123990940000000049e-01 -2.503536000000000095e-01
