2.425222999999999962e-01 1.378805999999999976e+00 2.826056479999999871e-01
2.112304999999999877e-01 1.372577670000000083e+00 2.985494430000000254e-01
1.883486209999999939e-01 1.387583259999999985e+00 3.285836280000000165e-01
1.916362199999999960e-01 1.370758410000000094e+00 3.542184529999999887e-01
2.125088870000000074e-01 1.343775270000000077e+00 3.630176480000000261e-01
1.988724619999999998e-01 1.362803580000000014e+00 3.567575809999999903e-01
1.945146000000000097e-01 1.365859630000000102e+00 4.034289719999999968e-01
1.857110999999999901e-01 1.347427850000000094e+00 4.238728580000000190e-01
1.729599390000000070e-01 1.323161599999999938e+00 4.309919999999999862e-01
2.243686769999999886e-01 1.364149929999999955e+00 3.629206999999999850e-01
2.152707869999999912e-01 1.364814280000000046e+00 4.102739389999999764e-01
2.078837000000000046e-01 1.341957209999999900e+00 4.311230480000000087e-01
2.023008320000000138e-01 1.312176229999999943e+00 4.364416300000000248e-01
2.504199999999999759e-01 1.363806999999999992e+00 3.621969999999999912e-01
2.392258499999999899e-01 1.369299409999999995e+00 4.054797589999999952e-01
2.320040909999999956e-01 1.350624679999999911e+00 4.265264269999999858e-01
2.232436540000000136e-01 1.324867730000000021e+00 4.342556599999999878e-01
2.732055190000000078e-01 1.364004999999999912e+00 3.540207450000000255e-01
2.586136159999999906e-01 1.367694849999999906e+00 3.872151670000000268e-01
2.484760579999999996e-01 1.362385509999999966e+00 4.070618750000000174e-01
2.367937860000000061e-01 1.356807110000000094e+00 4.264777599999999835e-01
