-2.966751160000000165e-02 -7.566692000000000418e-01 6.477992999999999668e-01 -8.323452000000000628e-02
2.698629350000000121e-02 -4.353460670000000032e-01 8.270029429999999904e-01 -3.546992239999999796e-01
2.287584000000000006e-01 -8.186376690000000123e-01 4.181891380000000158e-01 -3.203435840000000145e-01
3.365965779999999796e-01 -9.172232000000000163e-01 6.124824660000000032e-02 -2.040910420000000003e-01
3.365960419999999842e-01 -9.172230359999999916e-01 6.125065310000000346e-02 -2.040920410000000018e-01
-2.107222380000000062e-01 -6.701133999999999702e-01 6.986592000000000358e-01 1.357184499999999905e-01
-2.175916730000000132e-01 -8.972814679999999710e-01 3.657351429999999848e-01 1.173791359999999950e-01
-2.408156690000000100e-01 -9.619098000000000370e-01 1.166442780000000040e-01 5.596260349999999939e-02
-2.408155999999999908e-01 -9.619098000000000370e-01 1.166443300000000044e-01 5.596286999999999789e-02
-1.205959999999999949e-01 -7.020842430000000522e-01 7.016727999999999854e-01 -1.376851739999999935e-02
-1.033187430000000046e-01 -9.252370599999999445e-01 3.605836000000000041e-01 -5.693171550000000053e-02
-8.386756480000000236e-02 -9.885123999999999578e-01 9.448494000000000337e-02 -8.295921000000000545e-02
-8.386754999999999904e-02 -9.885123369999999632e-01 9.448529999999999429e-02 -8.295917510000000439e-02
-2.021678239999999960e-01 -6.624577000000000382e-01 7.211783000000000499e-01 1.340556329999999935e-02
-1.534142199999999900e-01 -9.055657999999999763e-01 3.937451000000000145e-01 3.714285419999999865e-02
-1.577764749999999994e-01 -9.774095000000000422e-01 1.405537430000000088e-01 -4.700926000000000236e-03
-1.577764749999999994e-01 -9.774095000000000422e-01 1.405538620000000016e-01 -4.700907510000000393e-03
-5.915991659999999541e-01 -5.855108500000000271e-01 4.479172530000000152e-01 3.264312449999999810e-01
-5.084647540000000188e-01 -6.924886999999999571e-01 3.543839449999999780e-01 3.692358430000000080e-01
-5.207029579999999935e-01 -7.041167999999999871e-01 3.306780999999999748e-01 3.517668250000000052e-01
-5.207029579999999935e-01 -7.041167999999999871e-01 3.306780999999999748e-01 3.517668250000000052e-01
